1.63015207981
1.64459161903
1.65024847959
1.97858355615
1.65024847959
1.9999942923
1.97904290141
1.9355119777
1.63015207981
1.64940472727
1.63031140777
1.63031140777
1.64940472727
1.63015207981
1.63015207981
1.9999942923
1.63015207981
1.63015207981
1.63015207981
1.6302580288
1.9999992561
1.9999992561
1.6302580288
1.64459161903
1.99993920557
1.64459161903
1.6302580288
1.97858355615
1.9999942923
1.98542469364
1.9355119777
1.73549216181
1.64459161903
1.63015207981
1.65024847959
1.63015207981
1.6302580288
1.93583174214
1.63015207981
1.63031140777
1.63031140777
1.63015207981
1.63015207981
1.63015207981
1.63015207981
1.93583174214
1.9999942923
1.65024847959
1.97858355615
1.64459161903
1.6302580288
1.93583174214
1.64459161903
1.98542469364
1.6302580288
1.99993920557
1.63015207981
1.9999992561
1.97889785642
1.63015207981
1.9999942923
1.64940472727
1.64459161903
1.63015207981
1.64459161903
1.64459161903
1.9999942923
1.97904290141
1.73549216181
1.63015207981
1.6302580288
1.64940472727
1.6302580288
1.63015207981
1.97904290141
1.97904290141
1.65024847959
1.6302580288
1.63031140777
1.63015207981
1.6302580288
1.64459161903
1.64940472727
1.97889785642
1.63015207981
1.65024847959
1.63031140777
1.64459161903
1.98542469364
1.97889785642
1.64940472727
1.9999942923
1.97904290141
1.63015207981
1.97889785642
1.65024847959
1.98542469364
1.64940472727
1.63031140777
1.63031140777
1.9355119777
1.9999992561
1.98542469364
1.63031140777
1.63031140777
1.63031140777
1.98542469364
1.6302580288
1.73549216181
1.64940472727
1.9999992561
1.73549216181
1.63015207981
1.63031140777
1.63015207981
1.63015207981
1.64459161903
1.63015207981
1.64459161903
1.98542469364
1.63031140777
1.65024847959
1.64459161903
1.9999942923
1.64940472727
1.97904290141
1.63015207981
1.64459161903
1.98542469364
1.64459161903
1.9999942923
1.64459161903
1.97889785642
1.64459161903
1.97889785642
1.63015207981
1.63015207981
1.63015207981
1.64940472727
1.65024847959
1.63031140777
1.63015207981
1.64940472727
1.9999942923
1.64940472727
1.9999942923
1.65024847959
1.9999942923
1.97904290141
1.63031140777
1.6302580288
1.63031140777
1.63015207981
1.65024847959
1.9999992561
1.63015207981
1.63031140777
1.64459161903
1.97889785642
1.97889785642
1.97889785642
1.99993920557
1.63015207981
1.97858355615
1.99993920557
1.9999942923
1.64940472727
1.97858355615
1.63031140777
1.73549216181
1.9999992561
1.63015207981
1.63015207981
1.63015207981
1.63015207981
1.9999942923
1.63031140777
1.64940472727
1.63015207981
1.98542469364
1.64459161903
1.9999992561
1.64459161903
1.97904290141
1.63015207981
1.63015207981
1.73549216181
1.97904290141
1.9999942923
1.98542469364
1.97904290141
1.9999942923
1.64459161903
1.64940472727
1.63015207981
1.64459161903
1.63015207981
1.97904290141
1.65024847959
1.64459161903
1.64459161903
1.63031140777
1.64459161903
1.99993920557
1.63031140777
1.64459161903
1.99993920557
1.65024847959
1.64459161903
1.9999942923
1.97858355615
1.63015207981
1.6302580288
1.65024847959
1.6302580288
1.99993920557
1.65024847959
1.63015207981
1.6302580288
1.99993920557
1.65024847959
1.63015207981
1.9999942923
1.63015207981
1.6302580288
1.9355119777
1.64940472727
1.6302580288
1.9999942923
1.64940472727
1.63015207981
1.63015207981
1.63015207981
1.64459161903
1.63015207981
1.64459161903
1.99993920557
1.93583174214
1.98542469364
1.64940472727
1.65024847959
1.99993920557
1.9999942923
1.63031140777
1.6302580288
1.65024847959
1.6302580288
1.9999942923
1.63031140777
1.63015207981
1.93583174214
1.63015207981
1.63015207981
1.65024847959
1.64940472727
1.9355119777
1.97892933792
1.64979210151
1.73561057498
1.73561057498
1.97892933792
1.97880186119
1.73561057498
1.93569903136
1.93559706965
1.93587251953
1.93587251953
1.93559706965
1.93569903136
1.97951736031
1.6503145425
1.64169802928
1.64979210151
1.6503145425
1.6494081311
1.93587251953
1.73561057498
1.93587251953
1.93587251953
1.97880186119
1.73561057498
1.97880186119
1.97880186119
1.97951736031
1.6503145425
1.97892933792
1.9791689819
1.97880186119
1.64979210151
1.97892933792
1.93587251953
1.97951736031
1.97892933792
1.9791689819
1.64169802928
1.93569903136
1.93559706965
1.97892933792
1.73561057498
1.97880186119
1.64169802928
1.73561057498
1.97892933792
1.73561057498
1.93569903136
1.97951736031
1.93569903136
1.97880186119
1.97880186119
1.93587251953
1.97892933792
1.97880186119
1.93587251953
1.6503145425
1.73561057498
1.97880186119
1.6494081311
1.73561057498
1.97892933792
1.93569903136
1.97892933792
1.6494081311
1.64979210151
1.97892933792
1.97951736031
1.97892933792
1.97892933792
1.64169802928
1.9791689819
1.6503145425
1.93587251953
1.9791689819
1.6494081311
1.97880186119
1.93559706965
1.64917664033
1.97880186119
1.97892933792
1.6503145425
1.6494081311
1.93587251953
1.97892933792
1.9999540061
1.93587251953
1.93559706965
1.93587251953
1.93587251953
1.9999540061
1.64917664033
1.6503145425
1.98690939771
1.93587251953
1.64917664033
1.6494081311
1.9791689819
1.93569903136
1.97880186119
1.93559706965
1.64979210151
1.93559706965
1.93587251953
1.64917664033
1.97951736031
1.6494081311
1.97892933792
1.9791689819
1.64169802928
1.64979210151
1.64979210151
1.93569903136
1.97951736031
1.9999540061
1.64917664033
1.93569903136
1.64169802928
1.9791689819
1.98690939771
1.97892933792
1.64169802928
1.93569903136
1.6494081311
1.97880186119
1.6494081311
1.93569903136
1.64917664033
1.64169802928
1.6494081311
1.93569903136
1.97880186119
1.6503145425
1.64979210151
1.93569903136
1.99999570145
1.64917664033
1.6503145425
1.93587251953
1.64917664033
1.6503145425
1.93587251953
1.9999540061
1.97880186119
1.64169802928
1.64917664033
1.97880186119
1.6503145425
1.73561057498
1.93587251953
1.97951736031
1.97951736031
1.97951736031
1.64917664033
1.9791689819
1.93559706965
1.73561057498
1.97880186119
1.9999540061
1.93587251953
1.73561057498
1.73561057498
1.73561057498
1.73561057498
1.9791689819
1.64917664033
1.97880186119
1.6503145425
1.64169802928
1.93559706965
1.97951736031
1.9791689819
1.97951736031
1.93587251953
1.93587251953
1.64917664033
1.73561057498
1.73561057498
1.73561057498
1.93559706965
1.64979210151
1.97880186119
1.93569903136
1.73561057498
1.64169802928
1.93569903136
1.93559706965
1.99999570145
1.97880186119
1.93569903136
1.6494081311
1.97880186119
1.93559706965
1.9791689819
1.97892933792
1.93587251953
1.93569903136
1.64169802928
1.97880186119
1.64169802928
1.9791689819
1.93559706965
1.64979210151
1.93559706965
1.9791689819
1.97880186119
1.93559706965
1.73561057498
1.6503145425
1.6503145425
1.93569903136
1.98690939771
1.6503145425
1.93559706965
1.64979210151
1.97951736031
1.6503145425
1.93559706965
1.73561057498
1.64979210151
1.97951736031
1.73561057498
1.6503145425
1.64917664033
1.93559706965
1.97951736031
1.97951736031
1.64979210151
1.6503145425
1.93587251953
1.98690939771
1.9791689819
1.93559706965
1.93569903136
1.93559706965
1.97951736031
1.93559706965
1.97880186119
1.97880186119
1.64979210151
1.6494081311
1.9791689819
1.64979210151
1.9791689819
1.6494081311
1.93559706965
1.93569903136
1.98690939771
1.93569903136
1.64169802928
1.93569903136
1.6494081311
1.97892933792
1.97880186119
1.9791689819
1.63049863509
1.64928491299
1.63024991749
1.63027755718
1.63018906021
1.63029752953
1.63029752953
1.64948311045
1.64928491299
1.64260130902
1.63024991749
1.64260130902
1.63029752953
1.63024991749
1.63018906021
1.63029752953
1.63029752953
1.64260130902
1.63049863509
1.73426140618
1.63049863509
1.649538253
1.64260130902
1.63029752953
1.63029752953
1.63024991749
1.63024991749
1.97895443977
1.64928491299
1.63018906021
1.63027755718
1.63029752953
1.7356700786
1.7356700786
1.649538253
1.64260130902
1.63024991749
1.63027755718
1.63029752953
1.63029752953
1.64260130902
1.64260130902
1.63024991749
1.63024991749
1.64260130902
1.63029752953
1.64928491299
1.7356700786
1.63027755718
1.64928491299
1.63027755718
1.63027755718
1.63027755718
1.63049863509
1.63049863509
1.63049863509
1.73426140618
1.63027755718
1.73426140618
1.63029752953
1.63049863509
1.93566131968
1.63024991749
1.63027755718
1.63049863509
1.63029752953
1.63024991749
1.63049863509
1.63018906021
1.7356700786
1.63029752953
1.63027755718
1.63027755718
1.63029752953
1.63027755718
1.63049863509
1.63049863509
1.64928491299
1.99979249723
1.63049863509
1.63018906021
1.97862956309
1.99979249723
1.63027755718
1.63027755718
1.63029752953
1.64260130902
1.63049863509
1.63027755718
1.63018906021
1.63027755718
1.63018906021
1.63029752953
1.99998458888
1.63029752953
1.97895443977
1.64260130902
1.63049863509
1.64260130902
1.7356700786
1.63018906021
1.64948311045
1.63024991749
1.63018906021
1.64928491299
1.63024991749
1.63018906021
1.63029752953
1.64260130902
1.99998458888
1.63027755718
1.63024991749
1.97895443977
1.63029752953
1.63024991749
1.63024991749
1.7356700786
1.63024991749
1.63024991749
1.64260130902
1.64928491299
1.63018906021
1.649538253
1.63027755718
1.649538253
1.63018906021
1.73426140618
1.63049863509
1.63024991749
1.7356700786
1.63018906021
1.63018906021
1.64260130902
1.63029752953
1.63029752953
1.63029752953
1.63049863509
1.63024991749
1.64928491299
1.63027755718
1.97895443977
1.64948311045
1.63027755718
1.63024991749
1.63029752953
1.63027755718
1.63027755718
1.64928491299
1.63049863509
1.97862956309
1.64948311045
1.73426140618
1.63018906021
1.63049863509
1.63018906021
1.63018906021
1.63024991749
1.63027755718
1.7356700786
1.63049863509
1.63049863509
1.63027755718
1.63029752953
1.64928491299
1.63018906021
1.64928491299
1.63024991749
1.73426140618
1.63018906021
1.64260130902
1.93566131968
1.63029752953
1.63024991749
1.63029752953
1.63029752953
1.63024991749
1.63018906021
1.63024991749
1.63029752953
1.63018906021
1.63024991749
1.63027755718
1.63018906021
1.63049863509
1.63024991749
1.64948311045
1.97862956309
1.63027755718
1.63024991749
1.63024991749
1.63024991749
1.63027755718
1.63024991749
1.63018906021
1.63049863509
1.63018906021
1.63027755718
1.63027755718
1.63049863509
1.64260130902
1.63027755718
1.63049863509
1.63027755718
1.64928491299
1.63027755718
1.63018906021
1.63018906021
1.63049863509
1.63029752953
1.97862956309
1.63029752953
1.63024991749
1.63029752953
1.63027755718
1.63024991749
1.64928491299
1.63027755718
1.63027755718
1.64948311045
1.63049863509
1.63027755718
1.63018906021
1.63018906021
1.63049863509
1.63029752953
1.63049863509
1.64928491299
1.64928491299
1.63049863509
1.7356700786
1.649538253
1.64260130902
1.63049863509
1.63049863509
1.7356700786
1.63018906021
1.64928491299
1.99979249723
1.63029752953
1.64260130902
1.63027755718
1.64260130902
1.649538253
1.63024991749
1.64260130902
1.63018906021
1.64928491299
1.64260130902
1.63024991749
1.64928491299
1.63024991749
1.63027755718
1.63018906021
1.64260130902
1.63049863509
1.64948311045
